0 0.000270 0.502940 0.003820 0.494422 0.016242 0.494066 0.040380 0.480578 0.064694 0.469398 0.091848 0.457328 0.117228 0.441710 0.117582 0.445616 0.091494 0.460700 0.065226 0.472592 0.039848 0.483596 0.018904 0.495310 0.005948 0.496906 0.003286 0.504006
0 0.125588 0.436086 0.126804 0.438076 0.171838 0.410226 0.203610 0.391106 0.250412 0.363478 0.250744 0.360660 0.225382 0.373536 0.174490 0.405584
0 0.258054 0.357976 0.260126 0.359826 0.292378 0.353168 0.293340 0.351320 0.274402 0.354426
0 0.194644 0.265386 0.209730 0.288280 0.213456 0.284908 0.198016 0.262724
0 0.176364 0.228116 0.183462 0.237522 0.180800 0.241072 0.173168 0.231488
0 0.153468 0.191378 0.167490 0.213740 0.164118 0.214096 0.151162 0.192620
0 0.109286 0.127110 0.122224 0.143334 0.122428 0.140868 0.112572 0.127726
0 0.083618 0.071872 0.085876 0.083166 0.094502 0.097540 0.094296 0.100826 0.082386 0.085014 0.080538 0.071666
0 0.082386 0.046614 0.087724 0.001848 0.090600 0.001848 0.086288 0.046410
0 0.345344 0.354750 0.361156 0.356240 0.358406 0.359448 0.345572 0.357042
0 0.395874 0.378124 0.405728 0.376522 0.403780 0.375146 0.394958 0.375032
0 0.007750 0.836502 0.007380 0.854848 0.010192 0.852776 0.009674 0.836946
0 0.009896 0.841014 0.011598 0.841976 0.010044 0.847968
0 0.614924 0.794054 0.618518 0.797134 0.658746 0.771714 0.655836 0.767606
0 0.697602 0.745182 0.657632 0.767520 0.657462 0.770602 0.698544 0.748520
0 0.701968 0.741758 0.705134 0.745096 0.754178 0.722158 0.749726 0.717024
0 0.749808 0.712066 0.751688 0.710482 0.761096 0.720880 0.759512 0.722366 0.755848 0.717612 0.755848 0.716226 0.754758 0.715236 0.753966 0.715730 0.751986 0.714344
0 0.693046 0.291896 0.706658 0.292562 0.726778 0.289382 0.726926 0.291600 0.707102 0.294634 0.693268 0.293968
0 0.757108 0.282798 0.779150 0.280652 0.779372 0.282280 0.756368 0.285978
0 0.813696 0.273922 0.827826 0.274882 0.828788 0.277546 0.813696 0.277102
0 0.941300 0.281244 0.940412 0.283908 0.959868 0.285166 0.959646 0.282798
